position: 
  x: -0.003665552401329465
  y: 0.002496016669213173
  z: 0.0

orientation: 
  x: 0.0
  y: 0.0
  z: -0.0008032342325771792
  w: 0.9999996774073318
covariance: [0.0019945873529163853, -0.00012302063161546978, 0.0, 0.0, 0.0, 0.0, -0.0001230206316154698, 0.002189617214611789, 0.0, 0.0, 0.0, 0.0, 0.0, 0.0, 0.0, 0.0, 0.0, 0.0, 0.0, 0.0, 0.0, 0.0, 0.0, 0.0, 0.0, 0.0, 0.0, 0.0, 0.0, 0.0, 0.0, 0.0, 0.0, 0.0, 0.0, 0.0012794632601963972]

